$MeshFormat
2.2 0 8
$EndMeshFormat
$Nodes
325
1 -4 2 0
2 0 2 0
3 4 2 0
4 -4 0 0
5 -0.1 0 0
6 0 0.4 0
7 0.1 0 0
8 4 0 0
9 -3.749999999999274 2 0
10 -3.499999999998004 2 0
11 -3.249999999999506 2 0
12 -3.000000000001386 2 0
13 -2.750000000003406 2 0
14 -2.500000000004855 2 0
15 -2.250000000006474 2 0
16 -2.000000000008237 2 0
17 -1.750000000007239 2 0
18 -1.500000000006242 2 0
19 -1.250000000005202 2 0
20 -1.000000000004162 2 0
21 -0.7500000000031211 2 0
22 -0.500000000002081 2 0
23 -0.2500000000010405 2 0
24 0.2499999999994824 2 0
25 0.4999999999990952 2 0
26 0.7499999999983717 2 0
27 0.9999999999976482 2 0
28 1.249999999996919 2 0
29 1.49999999999619 2 0
30 1.749999999995483 2 0
31 1.999999999994776 2 0
32 2.249999999995413 2 0
33 2.49999999999605 2 0
34 2.749999999996708 2 0
35 2.999999999997367 2 0
36 3.249999999998025 2 0
37 3.499999999998683 2 0
38 3.749999999999341 2 0
39 4 1.750000000000209 0
40 4 1.500000000000693 0
41 4 1.250000000002256 0
42 4 1.000000000004118 0
43 4 0.7500000000030995 0
44 4 0.5000000000020808 0
45 4 0.2500000000010403 0
46 3.756250000000381 0 0
47 3.512500000000996 0 0
48 3.26875000000193 0 0
49 3.025000000002426 0 0
50 2.781250000003037 0 0
51 2.537500000003682 0 0
52 2.293750000004513 0 0
53 2.050000000004939 0 0
54 1.806250000004212 0 0
55 1.562500000003682 0 0
56 1.318750000003019 0 0
57 1.075000000002253 0 0
58 0.8312500000013188 0 0
59 0.5875000000009103 0 0
60 0.3437500000005489 0 0
61 0.07500000000005905 0.09999999999976383 0
62 0.05000000000013179 0.1999999999994728 0
63 0.02500000000003015 0.2999999999998794 0
64 -0.02499999999994691 0.3000000000002124 0
65 -0.04999999999986349 0.2000000000005461 0
66 -0.07499999999992223 0.1000000000003111 0
67 -0.3437499999995005 0 0
68 -0.5874999999991236 0 0
69 -0.8312499999984752 0 0
70 -1.074999999997819 0 0
71 -1.318749999997226 0 0
72 -1.562499999996428 0 0
73 -1.806249999995683 0 0
74 -2.049999999994993 0 0
75 -2.293749999995629 0 0
76 -2.537499999996202 0 0
77 -2.781249999996936 0 0
78 -3.02499999999767 0 0
79 -3.268749999998519 0 0
80 -3.512499999999051 0 0
81 -3.756249999999654 0 0
82 -4 0.2499999999995515 0
83 -4 0.4999999999988241 0
84 -4 0.7499999999981061 0
85 -4 0.999999999997388 0
86 -4 1.249999999998036 0
87 -4 1.499999999998683 0
88 -4 1.749999999999342 0
89 0 1.80000000000045 0
90 0 1.600000000001106 0
91 0 1.400000000001637 0
92 0 1.200000000002168 0
93 0 1.000000000001214 0
94 0 0.8000000000011058 0
95 0 0.6000000000005934 0
96 -0.9846634511029712 0.4181165157856684 0
97 -2.017236406324236 0.4897542159624024 0
98 -1.992146990944124 1.493705391939248 0
99 -1.472308388718963 1.491894391502091 0
100 -0.3790967563401708 0.6290189382454756 0
101 -0.9452142907674366 1.50879445537063 0
102 -0.3647786037517867 1.136956299998693 0
103 -3.504094724759004 0.9991272129808147 0
104 -3.014705983231984 0.4982825557436188 0
105 -3.002202439744934 1.498439304501176 0
106 -3.50160082892184 1.499397897737848 0
107 -3.507851622789312 0.499367882464174 0
108 -0.4531052044991034 1.556455330757981 0
109 -0.5002198421981106 0.3157308052631447 0
110 -0.8292177261679573 0.9343043201916403 0
111 -1.464414745554572 0.97370767141536 0
112 -3.006775121353273 0.9976814928383893 0
113 -2.500152444737572 1.496657721610695 0
114 -1.504002979986662 0.4720838640517213 0
115 -2.518919979739914 0.4958700426753568 0
116 -0.2522962502174483 0.8533891504590523 0
117 -1.995822023076351 0.9882398729865831 0
118 -2.505682772268153 0.9947111896954243 0
119 -0.4165029819066568 1.339404867505523 0
120 -0.5635793267000399 1.066957484922487 0
121 -0.9042549857050712 1.249090631988353 0
122 -0.6925631196156038 1.530898080643265 0
123 -0.6455095698846028 1.292434250393064 0
124 -0.1936544881458989 0.5274642726315361 0
125 -0.3071642060180817 0.7638572378759459 0
126 -0.1456319827558754 0.831670165544609 0
127 -0.160357784608392 0.6773658740329179 0
128 -0.2240300805666818 1.579680153461288 0
129 -0.4789868805973755 1.777891456802938 0
130 -0.2382615295311072 1.789299821347786 0
131 -2.501994106373205 1.24539412518133 0
132 -2.24720261316864 1.495313584069742 0
133 -1.991886554498679 1.240561135168026 0
134 -2.252349166823523 0.9921068287216384 0
135 -2.248387859900227 1.243338241510746 0
136 -0.9255858270461435 0.6464932376212175 0
137 -1.242986203040154 0.4518993983280202 0
138 -1.479202012346503 0.7185485549975135 0
139 -1.177889123400817 0.9599784516119882 0
140 -1.202801852140124 0.6960041319108999 0
141 -3.010337752407255 0.7478025903938322 0
142 -2.756920930479912 0.9964754390110537 0
143 -2.511381892067952 0.7448366382598973 0
144 -2.7672941769534 0.4973330169663699 0
145 -2.761495613939299 0.7466198620092285 0
146 -3.261481767990224 0.498919601559171 0
147 -3.505821451077043 0.7491829934360801 0
148 -3.255723499536674 0.9985211926088081 0
149 -3.258346145775648 0.7486092546695612 0
150 -1.46323852866068 1.233343531328253 0
151 -1.207625341279584 1.495954874796343 0
152 -1.184763851161763 1.232119381492269 0
153 -0.3025563780652775 0.9652262729640583 0
154 -0.5739735847976801 0.7485674506822405 0
155 -0.4433278934378018 0.8869070100251019 0
156 -0.9748408009866726 1.75641483646681 0
157 -0.7242582091997645 1.766304699472561 0
158 -3.004085318395496 1.247913472859589 0
159 -2.751661260823219 1.497684559776213 0
160 -2.753676719823873 1.246868265314479 0
161 -1.734119152531784 1.492182909685494 0
162 -1.734298530083675 0.9824601051551709 0
163 -1.730980463624591 1.237052988634058 0
164 -0.5459850795150404 0.1570959811379563 0
165 -1.03206886758373 0.2059495542808256 0
166 -0.7362125218681533 0.3707659180711589 0
167 -0.7865345207916909 0.1834557188677221 0
168 -3.753981363438297 0.4997084084721048 0
169 -3.510113150294079 0.2496554095367524 0
170 -3.755086689033388 0.2498412838513081 0
171 -3.502696258926535 1.249204328999053 0
172 -3.252105409606012 1.498989207680061 0
173 -3.253656967866037 1.248658246534232 0
174 -1.485646763490447 1.747070374162858 0
175 -1.229478932657476 1.749964010746403 0
176 -1.995349668648966 1.746927150618238 0
177 -1.7412235977074 1.746496565570642 0
178 -3.752126040815526 0.9995955026015115 0
179 -3.752983486376114 0.749622354452494 0
180 -3.750856060643943 1.499719580228969 0
181 -3.751420944940315 1.249630305031813 0
182 -2.004450252315199 0.7377444945267793 0
183 -2.269117643035561 0.493549567168528 0
184 -2.259354128095006 0.7420871677982172 0
185 -2.499705030838232 1.748257652321896 0
186 -2.248067457293796 1.747613155704401 0
187 -3.000934874250361 1.749168421322651 0
188 -2.750579635255285 1.748776475044109 0
189 -3.500737722684455 1.749676673597029 0
190 -3.250946247958869 1.749458702175939 0
191 -3.750398904513922 1.749849162753248 0
192 -1.532813141416776 0.2338100825219088 0
193 -1.281616553177332 0.222792960038365 0
194 -2.032911627276077 0.2441555088554551 0
195 -1.762443071726503 0.4833327866490142 0
196 -1.783547651110388 0.2403694185224877 0
197 -1.745187445772013 0.7306624458497538 0
198 -2.527842435676635 0.2477013642783129 0
199 -2.280907937608979 0.2463695869254216 0
200 -3.019687260715292 0.249057564680876 0
201 -2.774022488863045 0.2485279243007286 0
202 -3.265009863167553 0.2494095374486897 0
203 -0.1809424078233797 1.176278906919585 0
204 -0.1562778745774677 0.9947245218941181 0
205 -0.2050694409197562 1.373678175913619 0
206 -0.2731775707880263 0.2582706108098414 0
207 -0.445464855619323 0.4751828213596042 0
208 -0.2336591517985481 0.3888820482450575 0
209 -0.6713056968884975 0.5649322461458877 0
210 -0.3094620094743389 0.1288719202534737 0
211 1.504001030107804 0.4720856982451704 0
212 3.014704231648555 0.4982837697546393 0
213 0.3647770482065393 1.136957233154069 0
214 0.9452124796240069 1.508795834300822 0
215 2.500150881403128 1.496659550158103 0
216 1.472306169437587 1.491896114651866 0
217 0.9846614650840383 0.4181176935587031 0
218 0.3790953847479706 0.6290199803169316 0
219 3.002200641339337 1.49844050697788 0
220 3.501599972909377 1.499398570271139 0
221 2.518918280594328 0.4958718996550883 0
222 3.50785072444504 0.4993685306123859 0
223 0.4531040447661268 1.556455969737925 0
224 0.5002187082653163 0.3157314690498959 0
225 0.8292149345068666 0.9343059251174026 0
226 3.00677311096501 0.9976833301149859 0
227 1.992145062012574 1.493707481172674 0
228 2.0172339498956 0.4897560218990727 0
229 3.504093760327484 0.999128200458917 0
230 0.2522949114229964 0.8533899284295924 0
231 1.464412247417835 0.9737103602435722 0
232 2.505681429578219 0.9947139527097648 0
233 1.995820157733239 0.988242957049724 0
234 0.5459844706628209 0.1570963521229631 0
235 0.2731769050764638 0.2582709022485095 0
236 0.3094616650806781 0.1288721046926118 0
237 0.1936537267246895 0.5274648225696502 0
238 0.4454633799382731 0.4751836513453494 0
239 0.2336582819423723 0.3888824032320833 0
240 0.69256159994952 1.530899056726433 0
241 0.9042526857060174 1.249092377876619 0
242 0.5635772782812573 1.066958791366676 0
243 0.4165018808121682 1.339405942802719 0
244 0.6455072903941017 1.292435309309409 0
245 1.207623744145407 1.495956637396834 0
246 1.463234898212888 1.233345441519336 0
247 1.177885979580207 0.9599804918683216 0
248 1.184761062874556 1.232121280344891 0
249 1.734295119174232 0.982462539745337 0
250 1.734117585650083 1.492185060684802 0
251 1.991884254408469 1.24056373975688 0
252 1.730977625838149 1.237055485895058 0
253 2.756919189879739 0.9964777166990871 0
254 2.501992252738357 1.245396481048222 0
255 2.751659452525987 1.497686070969607 0
256 3.004083820993988 1.247915253532698 0
257 2.753675325195956 1.246870510611373 0
258 2.252346765063392 0.9921096811157782 0
259 2.247201407540267 1.495315778763379 0
260 2.248386172663513 1.243341022742006 0
261 0.4789863234658536 1.777891814139194 0
262 0.2240295830433947 1.579680535201962 0
263 0.2382612321702789 1.789300012349567 0
264 3.255721578943415 0.9985225320504998 0
265 3.252104091127816 1.498990145727605 0
266 3.502695179637651 1.24920519056292 0
267 3.253656149439847 1.248659699581474 0
268 0.7362109857876634 0.3707668153302554 0
269 1.032067874896049 0.2059502073901935 0
270 0.7865338169771195 0.1834562884316512 0
271 0.9748399651623286 1.756415589390946 0
272 0.7242575157650768 1.766305317083691 0
273 1.48564573654514 1.747071416850584 0
274 1.229477804209421 1.749964814355626 0
275 1.479198829748794 0.7185506632193015 0
276 1.242983815000393 0.4519007887603123 0
277 0.9255837075225324 0.6464950512320728 0
278 1.202799021812219 0.6960059584908577 0
279 3.510112848900301 0.2496557907086122 0
280 3.753981117584387 0.4997087730428009 0
281 3.755086448308855 0.2498414571628003 0
282 1.99534840819033 1.746928156002693 0
283 2.499703830844809 1.748258536777159 0
284 2.248066504768485 1.747614232268452 0
285 1.741222557807118 1.746497639919227 0
286 3.000933830719045 1.749169084719267 0
287 2.750578260137562 1.748777182999248 0
288 2.004447587841871 0.7377469571303255 0
289 1.76244049510675 0.4833345954252721 0
290 1.745184507413459 0.7306649506479782 0
291 3.500737057297044 1.749676994800788 0
292 3.250945566664655 1.749459247095148 0
293 3.750855589449264 1.499719922734397 0
294 3.752125470806953 0.9995960023131785 0
295 3.751420249476235 1.249630714160541 0
296 3.750398733777964 1.749849362109987 0
297 3.5058207394783 0.7491839521873565 0
298 3.752983139432006 0.7496228326069047 0
299 1.532812052783578 0.2338111241532351 0
300 1.281615506439298 0.2227938481047266 0
301 2.032910642262559 0.244156627818755 0
302 1.783546440670072 0.2403704348857424 0
303 2.269116137272968 0.493551625238753 0
304 2.527841653840676 0.2477023592873305 0
305 2.280907250550232 0.246370721527359 0
306 2.511379638626173 0.7448388729952053 0
307 2.259351597732631 0.7420896333327044 0
308 3.019686685947219 0.2490583269919891 0
309 3.261480791378835 0.4989206284947884 0
310 3.265009493916939 0.2494101287754542 0
311 2.767292588040884 0.4973345778806807 0
312 2.774021569745593 0.2485287651360092 0
313 3.010336384026821 0.7478044077601077 0
314 2.761493502785581 0.7466218377481721 0
315 0.1809416998609179 1.176279483668351 0
316 0.3025549136266996 0.9652271314372705 0
317 0.1456311799233437 0.831670589642303 0
318 0.1562772199464291 0.9947250914565737 0
319 3.258344816819416 0.7486105348649615 0
320 0.205068880950511 1.373678725295325 0
321 0.3071629986812054 0.7638582641637878 0
322 0.1603571009720133 0.677366399752264 0
323 0.5739714245579404 0.7485688302874042 0
324 0.4433260332606904 0.8869081306308286 0
325 0.6713036011593019 0.5649334177491107 0
$EndNodes
$Elements
312
1 1 2 10 1 1 9
2 1 2 10 1 9 10
3 1 2 10 1 10 11
4 1 2 10 1 11 12
5 1 2 10 1 12 13
6 1 2 10 1 13 14
7 1 2 10 1 14 15
8 1 2 10 1 15 16
9 1 2 10 1 16 17
10 1 2 10 1 17 18
11 1 2 10 1 18 19
12 1 2 10 1 19 20
13 1 2 10 1 20 21
14 1 2 10 1 21 22
15 1 2 10 1 22 23
16 1 2 10 1 23 2
17 1 2 10 2 2 24
18 1 2 10 2 24 25
19 1 2 10 2 25 26
20 1 2 10 2 26 27
21 1 2 10 2 27 28
22 1 2 10 2 28 29
23 1 2 10 2 29 30
24 1 2 10 2 30 31
25 1 2 10 2 31 32
26 1 2 10 2 32 33
27 1 2 10 2 33 34
28 1 2 10 2 34 35
29 1 2 10 2 35 36
30 1 2 10 2 36 37
31 1 2 10 2 37 38
32 1 2 10 2 38 3
33 3 2 15 13 108 119 123 122
34 3 2 15 13 119 102 120 123
35 3 2 15 13 123 120 110 121
36 3 2 15 13 122 123 121 101
37 3 2 15 13 6 124 127 95
38 3 2 15 13 124 100 125 127
39 3 2 15 13 127 125 116 126
40 3 2 15 13 95 127 126 94
41 3 2 15 13 22 23 130 129
42 3 2 15 13 23 2 89 130
43 3 2 15 13 130 89 90 128
44 3 2 15 13 129 130 128 108
45 3 2 15 13 118 131 135 134
46 3 2 15 13 131 113 132 135
47 3 2 15 13 135 132 98 133
48 3 2 15 13 134 135 133 117
49 3 2 15 13 110 136 140 139
50 3 2 15 13 136 96 137 140
51 3 2 15 13 140 137 114 138
52 3 2 15 13 139 140 138 111
53 3 2 15 13 104 141 145 144
54 3 2 15 13 141 112 142 145
55 3 2 15 13 145 142 118 143
56 3 2 15 13 144 145 143 115
57 3 2 15 13 112 141 149 148
58 3 2 15 13 141 104 146 149
59 3 2 15 13 149 146 107 147
60 3 2 15 13 148 149 147 103
61 3 2 15 13 110 139 152 121
62 3 2 15 13 139 111 150 152
63 3 2 15 13 152 150 99 151
64 3 2 15 13 121 152 151 101
65 3 2 15 13 110 120 155 154
66 3 2 15 13 120 102 153 155
67 3 2 15 13 155 153 116 125
68 3 2 15 13 154 155 125 100
69 3 2 15 13 108 122 157 129
70 3 2 15 13 122 101 156 157
71 3 2 15 13 157 156 20 21
72 3 2 15 13 129 157 21 22
73 3 2 15 13 118 142 160 131
74 3 2 15 13 142 112 158 160
75 3 2 15 13 160 158 105 159
76 3 2 15 13 131 160 159 113
77 3 2 15 13 117 133 163 162
78 3 2 15 13 133 98 161 163
79 3 2 15 13 163 161 99 150
80 3 2 15 13 162 163 150 111
81 3 2 15 13 109 164 167 166
82 3 2 15 13 164 68 69 167
83 3 2 15 13 167 69 70 165
84 3 2 15 13 166 167 165 96
85 3 2 15 13 83 168 170 82
86 3 2 15 13 168 107 169 170
87 3 2 15 13 170 169 80 81
88 3 2 15 13 82 170 81 4
89 3 2 15 13 103 171 173 148
90 3 2 15 13 171 106 172 173
91 3 2 15 13 173 172 105 158
92 3 2 15 13 148 173 158 112
93 3 2 15 13 101 151 175 156
94 3 2 15 13 151 99 174 175
95 3 2 15 13 175 174 18 19
96 3 2 15 13 156 175 19 20
97 3 2 15 13 99 161 177 174
98 3 2 15 13 161 98 176 177
99 3 2 15 13 177 176 16 17
100 3 2 15 13 174 177 17 18
101 3 2 15 13 107 168 179 147
102 3 2 15 13 168 83 84 179
103 3 2 15 13 179 84 85 178
104 3 2 15 13 147 179 178 103
105 3 2 15 13 106 171 181 180
106 3 2 15 13 171 103 178 181
107 3 2 15 13 181 178 85 86
108 3 2 15 13 180 181 86 87
109 3 2 15 13 115 143 184 183
110 3 2 15 13 143 118 134 184
111 3 2 15 13 184 134 117 182
112 3 2 15 13 183 184 182 97
113 3 2 15 13 98 132 186 176
114 3 2 15 13 132 113 185 186
115 3 2 15 13 186 185 14 15
116 3 2 15 13 176 186 15 16
117 3 2 15 13 113 159 188 185
118 3 2 15 13 159 105 187 188
119 3 2 15 13 188 187 12 13
120 3 2 15 13 185 188 13 14
121 3 2 15 13 106 189 190 172
122 3 2 15 13 189 10 11 190
123 3 2 15 13 190 11 12 187
124 3 2 15 13 172 190 187 105
125 3 2 15 13 10 189 191 9
126 3 2 15 13 189 106 180 191
127 3 2 15 13 191 180 87 88
128 3 2 15 13 9 191 88 1
129 3 2 15 13 70 71 193 165
130 3 2 15 13 71 72 192 193
131 3 2 15 13 193 192 114 137
132 3 2 15 13 165 193 137 96
133 3 2 15 13 114 192 196 195
134 3 2 15 13 192 72 73 196
135 3 2 15 13 196 73 74 194
136 3 2 15 13 195 196 194 97
137 3 2 15 13 111 138 197 162
138 3 2 15 13 138 114 195 197
139 3 2 15 13 197 195 97 182
140 3 2 15 13 162 197 182 117
141 3 2 15 13 115 183 199 198
142 3 2 15 13 183 97 194 199
143 3 2 15 13 199 194 74 75
144 3 2 15 13 198 199 75 76
145 3 2 15 13 115 198 201 144
146 3 2 15 13 198 76 77 201
147 3 2 15 13 201 77 78 200
148 3 2 15 13 144 201 200 104
149 3 2 15 13 107 146 202 169
150 3 2 15 13 146 104 200 202
151 3 2 15 13 202 200 78 79
152 3 2 15 13 169 202 79 80
153 3 2 15 13 116 153 204 126
154 3 2 15 13 153 102 203 204
155 3 2 15 13 204 203 92 93
156 3 2 15 13 126 204 93 94
157 3 2 15 13 108 128 205 119
158 3 2 15 13 128 90 91 205
159 3 2 15 13 205 91 92 203
160 3 2 15 13 119 205 203 102
161 3 2 15 13 100 124 208 207
162 3 2 15 13 124 6 64 208
163 3 2 15 13 208 64 65 206
164 3 2 15 13 207 208 206 109
165 3 2 15 13 110 154 209 136
166 3 2 15 13 154 100 207 209
167 3 2 15 13 209 207 109 166
168 3 2 15 13 136 209 166 96
169 3 2 15 13 65 66 210 206
170 3 2 15 13 66 5 67 210
171 3 2 15 13 210 67 68 164
172 3 2 15 13 206 210 164 109
173 3 2 15 14 224 234 236 235
174 3 2 15 14 234 59 60 236
175 3 2 15 14 236 60 7 61
176 3 2 15 14 235 236 61 62
177 3 2 15 14 62 63 239 235
178 3 2 15 14 63 6 237 239
179 3 2 15 14 239 237 218 238
180 3 2 15 14 235 239 238 224
181 3 2 15 14 223 240 244 243
182 3 2 15 14 240 214 241 244
183 3 2 15 14 244 241 225 242
184 3 2 15 14 243 244 242 213
185 3 2 15 14 225 241 248 247
186 3 2 15 14 241 214 245 248
187 3 2 15 14 248 245 216 246
188 3 2 15 14 247 248 246 231
189 3 2 15 14 233 249 252 251
190 3 2 15 14 249 231 246 252
191 3 2 15 14 252 246 216 250
192 3 2 15 14 251 252 250 227
193 3 2 15 14 226 253 257 256
194 3 2 15 14 253 232 254 257
195 3 2 15 14 257 254 215 255
196 3 2 15 14 256 257 255 219
197 3 2 15 14 232 258 260 254
198 3 2 15 14 258 233 251 260
199 3 2 15 14 260 251 227 259
200 3 2 15 14 254 260 259 215
201 3 2 15 14 25 261 263 24
202 3 2 15 14 261 223 262 263
203 3 2 15 14 263 262 90 89
204 3 2 15 14 24 263 89 2
205 3 2 15 14 229 264 267 266
206 3 2 15 14 264 226 256 267
207 3 2 15 14 267 256 219 265
208 3 2 15 14 266 267 265 220
209 3 2 15 14 224 268 270 234
210 3 2 15 14 268 217 269 270
211 3 2 15 14 270 269 57 58
212 3 2 15 14 234 270 58 59
213 3 2 15 14 223 261 272 240
214 3 2 15 14 261 25 26 272
215 3 2 15 14 272 26 27 271
216 3 2 15 14 240 272 271 214
217 3 2 15 14 216 245 274 273
218 3 2 15 14 245 214 271 274
219 3 2 15 14 274 271 27 28
220 3 2 15 14 273 274 28 29
221 3 2 15 14 225 247 278 277
222 3 2 15 14 247 231 275 278
223 3 2 15 14 278 275 211 276
224 3 2 15 14 277 278 276 217
225 3 2 15 14 44 45 281 280
226 3 2 15 14 45 8 46 281
227 3 2 15 14 281 46 47 279
228 3 2 15 14 280 281 279 222
229 3 2 15 14 227 282 284 259
230 3 2 15 14 282 31 32 284
231 3 2 15 14 284 32 33 283
232 3 2 15 14 259 284 283 215
233 3 2 15 14 216 273 285 250
234 3 2 15 14 273 29 30 285
235 3 2 15 14 285 30 31 282
236 3 2 15 14 250 285 282 227
237 3 2 15 14 219 255 287 286
238 3 2 15 14 255 215 283 287
239 3 2 15 14 287 283 33 34
240 3 2 15 14 286 287 34 35
241 3 2 15 14 211 275 290 289
242 3 2 15 14 275 231 249 290
243 3 2 15 14 290 249 233 288
244 3 2 15 14 289 290 288 228
245 3 2 15 14 219 286 292 265
246 3 2 15 14 286 35 36 292
247 3 2 15 14 292 36 37 291
248 3 2 15 14 265 292 291 220
249 3 2 15 14 229 266 295 294
250 3 2 15 14 266 220 293 295
251 3 2 15 14 295 293 40 41
252 3 2 15 14 294 295 41 42
253 3 2 15 14 40 293 296 39
254 3 2 15 14 293 220 291 296
255 3 2 15 14 296 291 37 38
256 3 2 15 14 39 296 38 3
257 3 2 15 14 42 43 298 294
258 3 2 15 14 43 44 280 298
259 3 2 15 14 298 280 222 297
260 3 2 15 14 294 298 297 229
261 3 2 15 14 217 276 300 269
262 3 2 15 14 276 211 299 300
263 3 2 15 14 300 299 55 56
264 3 2 15 14 269 300 56 57
265 3 2 15 14 228 301 302 289
266 3 2 15 14 301 53 54 302
267 3 2 15 14 302 54 55 299
268 3 2 15 14 289 302 299 211
269 3 2 15 14 228 303 305 301
270 3 2 15 14 303 221 304 305
271 3 2 15 14 305 304 51 52
272 3 2 15 14 301 305 52 53
273 3 2 15 14 233 258 307 288
274 3 2 15 14 258 232 306 307
275 3 2 15 14 307 306 221 303
276 3 2 15 14 288 307 303 228
277 3 2 15 14 222 279 310 309
278 3 2 15 14 279 47 48 310
279 3 2 15 14 310 48 49 308
280 3 2 15 14 309 310 308 212
281 3 2 15 14 49 50 312 308
282 3 2 15 14 50 51 304 312
283 3 2 15 14 312 304 221 311
284 3 2 15 14 308 312 311 212
285 3 2 15 14 221 306 314 311
286 3 2 15 14 306 232 253 314
287 3 2 15 14 314 253 226 313
288 3 2 15 14 311 314 313 212
289 3 2 15 14 94 93 318 317
290 3 2 15 14 93 92 315 318
291 3 2 15 14 318 315 213 316
292 3 2 15 14 317 318 316 230
293 3 2 15 14 229 297 319 264
294 3 2 15 14 297 222 309 319
295 3 2 15 14 319 309 212 313
296 3 2 15 14 264 319 313 226
297 3 2 15 14 223 243 320 262
298 3 2 15 14 243 213 315 320
299 3 2 15 14 320 315 92 91
300 3 2 15 14 262 320 91 90
301 3 2 15 14 6 95 322 237
302 3 2 15 14 95 94 317 322
303 3 2 15 14 322 317 230 321
304 3 2 15 14 237 322 321 218
305 3 2 15 14 225 323 324 242
306 3 2 15 14 323 218 321 324
307 3 2 15 14 324 321 230 316
308 3 2 15 14 242 324 316 213
309 3 2 15 14 225 277 325 323
310 3 2 15 14 277 217 268 325
311 3 2 15 14 325 268 224 238
312 3 2 15 14 323 325 238 218
$EndElements
